trajectory_name: racing_vmax10_yaw_free
controller_mode: px4
robot_name: s500
odom_source: gazebo
samples: 756
duration_s: 15.100000
pos_rmse_m: 0.389614
pos_mean_m: 0.316396
pos_max_m: 1.025671
att_rmse_deg: 58.420872
att_mean_deg: 49.352626
att_max_deg: 170.260847
solve_ms_mean: 0.000000
solve_ms_p95: 0.000000
solve_ms_max: 0.000000
