trajectory_name: result_segment_latest_vmax5_yaw_fixed_0deg
controller_mode: px4
robot_name: s500
odom_source: gazebo
samples: 1288
duration_s: 25.740000
pos_rmse_m: 0.178610
pos_mean_m: 0.156567
pos_max_m: 0.435350
att_rmse_deg: 6.347706
att_mean_deg: 5.948804
att_max_deg: 18.845047
solve_ms_mean: 0.000000
solve_ms_p95: 0.000000
solve_ms_max: 0.000000
